name
stick
corner_points
362.616 449.726 459.528 372.418 362.616 449.726 459.528 372.418 251.314 209.208 229.487 271.593 251.314 209.208 229.487 271.593 0 0 0 0 10 10 10 10 
Gsp_Direction
-87.1097 42.1063 0 
Gsp_Width
22.5241 
Obj_Center
411.072 240.4 5 
-----
name
screw
corner_points
435.655 453.471 442.77 424.954 435.655 453.471 442.77 424.954 310.693 300.371 281.9 292.222 310.693 300.371 281.9 292.222 37 37 37 37 0 0 0 0 
Gsp_Direction
10.7006 18.4713 0 
Gsp_Width
20.5903 
Obj_Center
439.212 296.297 18.5 
-----
name
screw
corner_points
407.741 427.218 428.611 409.134 407.741 427.218 428.611 409.134 342.54 341.245 362.2 363.496 342.54 341.245 362.2 363.496 0 0 0 0 37 37 37 37 
Gsp_Direction
-1.39367 -20.9556 0 
Gsp_Width
19.52 
Obj_Center
418.176 352.37 18.5 
-----
name
cube
corner_points
417.93 428.695 403.43 392.665 417.93 428.695 403.43 392.665 386.836 411.099 422.309 398.045 386.836 411.099 422.309 398.045 0 0 0 0 30 30 30 30 
Gsp_Direction
25.2644 -11.2093 0 
Gsp_Width
26.5444 
Obj_Center
410.68 404.572 15 
-----
name
stick
corner_points
377.395 393.474 324.153 308.074 377.395 393.474 324.153 308.074 189.312 206.015 272.747 256.044 189.312 206.015 272.747 256.044 0 0 0 0 10 10 10 10 
Gsp_Direction
69.3216 -66.7321 0 
Gsp_Width
23.1844 
Obj_Center
350.774 231.03 5 
-----
name
cube
corner_points
365.132 388.217 401.406 378.321 365.132 388.217 401.406 378.321 337.798 324.352 346.995 360.441 337.798 324.352 346.995 360.441 0 0 0 0 30 30 30 30 
Gsp_Direction
-23.0853 13.4466 0 
Gsp_Width
26.2044 
Obj_Center
383.269 342.396 15 
-----
name
disk
corner_points
391.544 394.34 353.091 350.295 391.544 394.34 353.091 350.295 275.489 316.122 318.961 278.327 275.489 316.122 318.961 278.327 0 0 0 0 9 9 9 9 
Gsp_Direction
41.249 -2.83871 0 
Gsp_Width
40.7299 
Obj_Center
372.317 297.225 4.5 
-----
name
cube
corner_points
335.57 361.403 351.822 325.989 335.57 361.403 351.822 325.989 399.669 390.073 364.278 373.874 399.669 390.073 364.278 373.874 30 30 30 30 0 0 0 0 
Gsp_Direction
-25.8333 9.59555 0 
Gsp_Width
27.517 
Obj_Center
343.696 381.973 15 
-----
name
disk
corner_points
296.681 338.616 342.019 300.084 296.681 338.616 342.019 300.084 188.374 184.987 227.117 230.504 188.374 184.987 227.117 230.504 0 0 0 0 9 9 9 9 
Gsp_Direction
-3.40318 -42.1301 0 
Gsp_Width
42.0717 
Obj_Center
319.35 207.746 4.5 
-----
name
screw
corner_points
340.098 341.869 321.448 319.677 340.098 341.869 321.448 319.677 295.739 316.846 318.56 297.453 295.739 316.846 318.56 297.453 0 0 0 0 37 37 37 37 
Gsp_Direction
-1.77164 -21.107 0 
Gsp_Width
20.4928 
Obj_Center
330.773 307.15 18.5 
-----
name
cube
corner_points
307.291 334.364 331.557 304.485 307.291 334.364 331.557 304.485 331.787 334.613 361.504 358.679 331.787 334.613 361.504 358.679 0 0 0 0 30 30 30 30 
Gsp_Direction
-27.0725 -2.8255 0 
Gsp_Width
27.0374 
Obj_Center
319.424 346.646 15 
-----
name
stick
corner_points
311.79 298.857 220.629 233.562 311.79 298.857 220.629 233.562 255.962 273.864 217.348 199.446 255.962 273.864 217.348 199.446 0 0 0 0 10 10 10 10 
Gsp_Direction
78.2283 56.5163 0 
Gsp_Width
22.0846 
Obj_Center
266.21 236.655 5 
-----
name
disk
corner_points
276.774 307.654 281.084 250.204 276.774 307.654 281.084 250.204 291.694 318.245 349.148 322.597 291.694 318.245 349.148 322.597 0 0 0 0 9 9 9 9 
Gsp_Direction
26.57 -30.9029 0 
Gsp_Width
40.7255 
Obj_Center
278.929 320.421 4.5 
-----
name
disk
corner_points
240.693 267.187 298.575 272.081 240.693 267.187 298.575 272.081 383.885 352.826 379.601 410.66 383.885 352.826 379.601 410.66 0 0 0 0 9 9 9 9 
Gsp_Direction
-31.3884 -26.7752 0 
Gsp_Width
40.8238 
Obj_Center
269.634 381.743 4.5 
-----
name
screw
corner_points
255.262 276.973 277.754 256.042 255.262 276.973 277.754 256.042 272.147 271.319 291.797 292.625 272.147 271.319 291.797 292.625 0 0 0 0 37 37 37 37 
Gsp_Direction
-21.7114 0.827824 0 
Gsp_Width
20.4931 
Obj_Center
266.508 281.972 18.5 
-----
name
stick
corner_points
193.246 238.883 258.556 212.919 193.246 238.883 258.556 212.919 382.499 298.225 308.878 393.153 382.499 298.225 308.878 393.153 0 0 0 0 10 10 10 10 
Gsp_Direction
-45.6366 84.2746 0 
Gsp_Width
22.3727 
Obj_Center
225.901 345.689 5 
-----
